2.0    1.62424169626
2.1    1.66759185426
2.2    1.71008717263
2.3    1.75169445799
2.4    1.7925314921
2.5    1.83268115691
2.6    1.87108648385
2.7    1.90931738912
2.8    1.94686705439
2.9    1.98387150054
3.0    2.02030685274
3.1    2.05631576806
3.2    2.09151797371
3.3    2.12658154125
3.4    2.1614138688
3.5    2.19573128163
3.6    2.22940289673
3.7    2.26263415008
3.8    2.2955452017
3.9    2.32824741075
4.0    2.35974680524
4.1    2.39183097814
4.2    2.42391434483
4.3    2.45585834198
4.4    2.48716797023
4.5    2.51795627334
4.6    2.54826813544
4.7    2.57818139365
4.8    2.60802123126
4.9    2.63778647563
5.0    2.66747161535
5.1    2.69531283777
5.2    2.72454796173
5.3    2.7538619953
5.4    2.78276247821
5.5    2.81126649323
5.6    2.83934907658
5.7    2.86697948974
5.8    2.8944042631
5.9    2.92142559987
6.0    2.94839096588
6.1    2.97527112319
6.2    3.0021922361
6.3    3.02908140342
6.4    3.05439604728
6.5    3.08072059245
6.6    3.10712327013
6.7    3.1333390291
6.8    3.15926485427
6.9    3.18478437238
7.0    3.21019658383
7.1    3.23523023286
7.2    3.26008275227
7.3    3.28468678531
7.4    3.30920036654
7.5    3.33345823661
7.6    3.35758262127
7.7    3.38181800435
7.8    3.40600736412
7.9    3.43013506346
8.0    3.45267461423
8.1    3.47613362342
8.2    3.49974175061
8.3    3.52316752138
8.4    3.5463746557
8.5    3.56929800552
8.6    3.59216094902
8.7    3.61477194757
8.8    3.63728591639
8.9    3.65964392264
9.0    3.68187979017
9.1    3.70395040895
9.2    3.72594540832
9.3    3.74777392985
9.4    3.76960438259
9.5    3.79129221955
9.6    3.81289509501
9.7    3.83434486724
9.8    3.85586833654
9.9    3.87745506544
10.0    3.89895304132
10.1    3.91931547652
10.2    3.94077158674
10.3    3.96205486434
10.4    3.98327429603
10.5    4.00443836534
10.6    4.02533371643
10.7    4.04603289779
10.8    4.06671644338
10.9    4.08732599541
11.0    4.10783741817
11.1    4.12829606116
11.2    4.14866051504
11.3    4.16897277495
11.4    4.18921132605
11.5    4.20939065892
11.6    4.2295060628
11.7    4.24959170594
11.8    4.26959065827
11.9    4.28940809845
12.0    4.30936048407
12.1    4.32938942178
12.2    4.3490511866
12.3    4.36883951228
12.4    4.38860092629
12.5    4.40820268179
12.6    4.42686824451
12.7    4.44691019354
12.8    4.46675658115
12.9    4.48655109185
13.0    4.50616911654
13.1    4.5257290025
13.2    4.54543697929
13.3    4.56479510491
13.4    4.58420718371
13.5    4.60356034027
13.6    4.62307888845
13.7    4.64209892232
13.8    4.6615263761
13.9    4.68068746784
14.0    4.69981752928
14.1    4.71867330414
14.2    4.73794079056
14.3    4.75679522277
14.4    4.77576331466
14.5    4.79474570144
14.6    4.81382566149
14.7    4.83257260087
14.8    4.85145459356
14.9    4.87038962537
15.0    4.88925121079
